26
19
19
18
21
25
29
25
10
 5
25
21
11
24
22
30
22
25
25
29
 4
15
17
19
31
27
16
27
 6
24
27
25
30
29
11
28
14
28
11
25
25
21
 3
23
14
 7
31
16
19
 2
13
 4
11
17
 8
25
14
22
14
 6
31
 9
19
29
 8
11
13
 4
 5
11
17
25
12
11
24
17
17
10
21
23
24
 4
26
15
 6
29
 4
18
10
24
12
16
20
23
 4
24
 1
20
 0
 6
 9
17
23
 7
 9
 0
25
10
22
 8
25
18
31
 4
25
22
18
30
17
13
10
18
29
 7
14
13
10
17
23
22
 1
12
 6
23
 8
23
22
 8
 4
19
 6
12
 7
27
31
 3
 7
 7
27
17
13
 7
 8
 8
15
 4
 0
 5
25
10
11
24
26
17
18
 7
20
 0
10
 0
31
 5
 6
13
 8
13
11
14
23
 2
22
10
31
 5
 8
23
16
15
11
 0
 3
16
10
30
10
29
14
25
 4
10
12
11
 0
22
13
28
22
16
21
 5
19
16
10
16
30
31
15
 1
 9
 1
31
24
10
19
26
19
13
26
22
 5
 6
23
24
10
28
31
28
11
26
11
15
 9
28
14
 8
 3
27
 6
16
27
 2
22
22
 8
 7
 7
20
 7
25
10
21
27
22
19
23
31
24
 1
29
15
28
 0
17
27
 8
15
18
12
21
11
10
11
29
 1
17
 0
 3
12
21
28
18
 8
16
15
14
26
13
10
29
 6
21
13
13
23
27
17
 7
29
 0
 8
 2
14
28
 4
25
14
16
11
 1
24
 0
15
27
 7
 6
22
21
13
15
29
 1
13
29
31
 3
31
13
27
13
 0
 9
26
18
14
 2
25
22
 4
21
18
19
13
18
15
18
 7
21
 2
12
 1
13
28
11
21
24
22
 2
15
 4
 9
19
10
 2
 4
10
30
20
28
26
 9
19
14
 1
27
10
26
27
 3
 2
 6
31
10
 9
25
 7
13
17
 4
27
26
 8
 2
11
27
 0
11
18
29
19
14
28
11
17
11
31
 6
26
24
23
 4
14
 8
25
12
18
12
10
18
 4
 0
26
11
28
23
17
 9
27
24
 2
 8
23
31
24
 7
28
22
31
18
30
30
 6
 7
 0
22
27
22
 6
31
16
 4
18
23
17
 4
27
24
 4
 7
16
14
30
 2
 6
19
16
23
26
20
10
 4
25
14
21
23
 8
 1
23
17
 6
 4
28
 4
 1
 5
28
 6
22
 9
30
19
 1
20
13
 0
19
 7
 2
28
24
26
21
 9
25
13
 3
 3
16
15
 4
16
 4
31
 5
28
10
10
17
11
29
12
 7
20
 8
26
 9
27
 7
 0
 4
29
 8
 3
22
15
 1
 3
 7
22
27
12
14
 5
27
30
 5
 3
 7
14
29
10
 7
 3
11
18
 5
11
 4
21
 1
31
20
 4
23
31
 1
16
14
 1
27
26
28
22
18
15
29
 6
13
10
18
27
15
23
22
23
 3
 3
 3
23
29
26
 9
24
18
 1
21
 0
 5
 2
21
18
 4
26
25
28
16
 4
18
 6
31
 6
16
11
 2
14
 5
19
 4
30
24
11
26
18
15
27
 1
21
31
28
28
23
26
 5
28
 1
 9
 2
16
30
 0
10
 2
16
 9
 8
 9
13
29
 7
21
 2
 0
 3
15
11
15
22
 5
19
 2
19
22
 0
22
19
28
 3
31
11
30
 1
19
11
21
 7
 7
19
 5
15
20
24
18
 8
27
 9
19
28
20
 0
11
31
16
28
26
 5
18
25
11
10
21
19
28
 7
31
18
28
11
 7
19
24
12
 0
22
20
 1
 8
15
21
23
11
30
 7
25
17
13
 5
11
17
 4
10
16
22
 6
12
27
30
25
 9
24
28
27
26
 3
30
 7
20
22
23
 0
 8
12
 9
19
 0
12
26
18
 9
12
22
 8
 5
17
22
 2
14
10
16
30
29
26
 4
28
 4
30
22
 8
20
14
28
12
28
27
24
22
 5
22
27
14
28
15
11
13
27
15
 4
 2
17
15
21
 0
21
27
17
 9
17
31
14
11
18
 5
13
12
31
 7
13
 6
25
 9
 2
 2
23
21
24
 4
 2
26
29
25
 1
25
21
27
20
 4
11
23
12
29
11
 2
10
 9
 8
 1
16
17
30
29
26
23
21
11
 6
22
 1
31
18
 3
 1
 5
24
19
 8
 0
22
 5
21
31
28
30
 5
24
 4
21
 3
14
30
 1
 6
23
 9
 3
10
28
17
 3
26
24
15
17
30
 1
20
20
 4
24
 6
25
24
24
25
15
24
 1
 6
 7
 0
10
30
24
15
10
12
29
15
27
 2
 4
14
15
15
21
19
20
 0
 4
29
31
 3
27
27
 2
 0
 2
18
 7
18
29
 3
 0
12
15
20
 1
27
25
24
 9
31
16
29
 7
25
21
 1
14
15
28
 8
17
31
12
 7
 1
19
 2
 9
 9
 2
24
21
 4
20
 7
29
 4
17
26
20
16
 6
30
 2
14
21
23
 1
14
20
 2
13
 9
15
 5
22
 1
26
 9
 4
31
24
 7
13
29
 2
21
 3
13
20
24
15
29
27
