14
27
15
 2
25
17
 9
25
30
13
21
 5
15
16
 2
30
10
 1
21
13
 8
 7
29
19
19
 3
12
11
10
16
 7
25
18
 5
 7
12
18
20
23
25
13
29
31
 7
18
31
11
16
 7
10
 9
20
15
 9
20
25
 2
30
10
22
 3
 1
31
29
28
19
 9
20
 9
 3
29
25
 0
19
20
 1
21
 2
 1
23
12
12
22
31
10
21
16
18
30
 0
 8
 0
24
15
16
24
21
28
28
22
13
 9
 3
 7
29
 8
21
26
26
 0
 5
18
19
12
21
 6
22
22
29
13
30
26
25
23
18
 5
22
17
11
30
29
28
10
15
20
23
10
16
 0
 3
10
 4
19
27
19
11
 3
23
31
 9
25
 7
28
16
11
20
 4
29
 5
10
31
 0
22
 1
22
31
 0
 0
30
 8
27
21
10
 5
20
13
31
22
19
18
26
 2
11
 5
28
31
12
31
15
24
15
16
30
 6
 6
13
18
17
16
10
 0
19
28
 6
17
20
 2
16
 9
13
15
 0
14
 8
10
31
 3
 9
 5
17
 3
16
22
19
14
27
 9
10
26
29
18
23
12
18
24
15
 0
 3
 6
11
 3
17
24
30
12
27
 7
 6
 4
 3
30
 6
26
 0
19
 7
 8
15
21
26
25
19
 2
19
11
 7
20
17
 1
 7
 8
 0
 5
 3
 4
31
22
 4
 1
11
30
19
25
17
21
24
15
12
 9
 4
14
24
20
 7
26
26
 1
18
25
22
25
 5
25
23
15
25
 3
13
 4
 0
14
14
16
12
21
30
20
 3
13
24
20
23
23
23
10
14
 1
13
 3
 5
29
29
 1
23
15
31
 1
 3
 9
16
13
18
30
14
22
 1
18
20
25
10
31
13
 6
23
14
23
25
26
24
 1
 1
 4
 7
 5
28
14
14
15
24
17
15
26
 6
28
22
30
 8
 4
22
25
23
 6
13
27
30
 2
23
19
 6
30
11
10
29
 1
 3
29
21
28
 7
26
28
10
 7
11
 4
 3
30
29
 7
22
24
27
21
 3
11
 6
14
 0
19
20
18
 0
 5
12
 6
20
 6
 2
 8
24
 6
11
16
31
13
25
31
16
14
 8
11
 7
20
23
 0
14
11
18
18
 6
 2
23
 4
14
 7
22
26
 7
12
20
22
15
29
 4
15
 0
 0
23
20
 6
10
 2
26
27
12
 7
30
12
22
 4
13
22
17
 7
12
25
 3
17
26
12
24
20
 5
29
 8
 6
10
17
26
 3
 5
12
25
 0
 7
15
30
12
28
18
 1
 9
13
21
31
19
20
 7
16
16
24
 7
 1
12
14
 2
29
11
17
20
 3
 4
12
18
21
27
27
 8
 0
13
12
27
 2
15
21
11
 3
 6
31
 4
26
 5
15
 6
 1
19
11
 6
 9
10
27
11
 7
 2
 9
 3
16
21
21
 7
16
20
27
23
13
16
 2
 9
23
10
 0
14
30
15
17
14
 9
26
22
19
27
23
10
31
31
19
 7
15
 9
26
29
 0
14
17
25
24
17
 2
 9
26
 0
10
29
20
28
 4
 6
14
27
22
20
 3
14
14
25
27
 0
14
28
 3
 6
18
 3
 3
29
 5
 3
20
 8
23
14
13
24
17
13
26
28
30
20
18
30
 0
13
 0
21
13
17
15
17
18
 4
27
27
11
 3
30
 1
 3
 6
11
 2
 0
10
27
24
19
 3
 3
10
 1
 7
19
17
23
11
11
17
15
 8
 0
14
24
31
 1
31
28
 8
 8
 7
15
20
20
 6
 5
 6
 1
 7
26
25
11
 8
 7
19
26
24
27
11
11
 4
12
20
30
16
17
12
 7
 1
23
31
 6
 3
 9
21
 5
17
11
 5
12
 6
 0
26
30
24
27
18
 1
 5
 8
 0
19
 6
 3
18
15
16
 6
27
24
20
12
29
27
28
28
30
10
21
12
10
16
 1
 1
26
26
26
10
 4
 6
25
10
 8
20
16
30
10
16
16
30
 0
 4
 8
27
12
30
 1
 6
31
 6
 8
15
31
21
23
31
 8
26
29
15
 9
 8
17
11
21
 1
29
31
 2
19
14
21
17
 4
11
 7
 1
14
21
25
 6
26
 3
21
12
12
30
10
 1
17
13
25
 9
 3
16
20
15
15
24
29
31
10
 6
25
12
25
28
17
18
 5
22
 7
25
 3
18
22
21
 7
14
19
 5
29
 4
19
28
 8
18
21
25
23
 8
30
25
 0
 0
 5
 7
 6
10
 1
26
31
 5
19
14
20
29
 3
14
 0
11
 1
 2
25
 0
20
24
 0
 2
 9
28
16
 5
15
12
 9
 2
23
 4
 2
10
24
 3
18
 8
13
19
19
14
 4
 2
23
11
 5
23
12
12
 4
17
 7
31
11
31
26
12
 2
 6
15
14
13
 7
24
24
15
 8
 9
23
 9
28
 1
11
16
17
15
21
 5
 5
 6
27
28
28
25
27
28
11
25
31
 2
29
17
30
 8
25
28
 0
 7
17
12
13
10
24
 8
18
30
22
22
17
 7
 5
 6
 0
 2
 1
17
11
21
26
25
 6
 9
24
 7
20
23
17
21
14
21
23
21
16
 8
19
21
 7
